image: plain-white-background.pgm
resolution: 0.020000
#origin: [-38.560000, -30.240000, 0.000000]
origin: [-15.000000, -15.000000, 0.000000]
negate: 0
occupied_thresh: 0.65
free_thresh: 0.196

